	1	allele_10_IN_NC_012469.fna	allele_11_IN_NC_014251.fna	allele_12_IN_NC_003028.fna	allele_13_IN_18.spades_contigs.fasta	allele_14_IN_47.spades_contigs.fasta	allele_15_IN_25.spades_contigs.fasta	allele_16_IN_11.spades_contigs.fasta	allele_17_IN_9.spades_contigs.fasta	allele_18_IN_30.spades_contigs.fasta	allele_19_IN_41.spades_contigs.fasta	allele_20_IN_23.spades_contigs.fasta	allele_21_IN_36.spades_contigs.fasta	allele_22_IN_43.spades_contigs.fasta	allele_23_IN_14.spades_contigs.fasta	allele_24_IN_28.spades_contigs.fasta	allele_25_IN_50.spades_contigs.fasta	allele_26_IN_22.spades_contigs.fasta	allele_27_IN_7.spades_contigs.fasta	allele_28_IN_ERR124225.fa	allele_29_IN_ERR068020.fa	allele_2_IN_NC_008533.fna	allele_30_IN_ERR068021.fa	allele_31_IN_ERR069785.fa	allele_32_IN_ERR067986.fa	allele_33_IN_ERR069829.fa	allele_34_IN_ERR069722.fa	allele_35_IN_ERR067972.fa	allele_36_IN_ERR068041.fa	allele_37_IN_ERR129057.fa	allele_38_IN_ERR124263.fa	allele_39_IN_ERR124233.fa	allele_3_IN_NC_010380.fna	allele_40_IN_ERR129049.fa	allele_41_IN_ERR067961.fa	allele_42_IN_ERR129177.fa	allele_43_IN_ERR068023.fa	allele_44_IN_ERR068009.fa	allele_45_IN_ERR069811.fa	allele_46_IN_ERR129215.fa	allele_47_IN_ERR129186.fa	allele_48_IN_ERR129207.fa	allele_49_IN_ERR068039.fa	allele_4_IN_NC_017591.fna	allele_50_IN_ERR068010.fa	allele_51_IN_ERR129064.fa	allele_52_IN_ERR069769.fa	allele_53_IN_ERR124254.fa	allele_54_IN_ERR068040.fa	allele_55_IN_ERR129052.fa	allele_56_IN_ERR069790.fa	allele_57_IN_ERR069753.fa	allele_58_IN_ERR069810.fa	allele_59_IN_ERR067984.fa	allele_5_IN_NC_012466.fna	allele_60_IN_ERR069718.fa	allele_61_IN_ERR069692.fa	allele_62_IN_ERR069758.fa	allele_63_IN_ERR069797.fa	allele_64_IN_ERR124226.fa	allele_65_IN_ERR069800.fa	allele_66_IN_ERR129210.fa	allele_67_IN_ERR129213.fa	allele_68_IN_ERR069723.fa	allele_69_IN_ERR069717.fa	allele_6_IN_NC_012467.fna	allele_70_IN_ERR129144.fa	allele_7_IN_NC_021003.fna	allele_8_IN_NC_021006.fna	allele_9_IN_NC_017769.fna
1	1.0	0.56986	0.72267	0.53543	0.52407	0.57508	0.51123	0.52912	0.56843	0.69206	0.58538	0.70784	0.72874	0.70508	0.706	0.70392	0.69428	0.69141	0.68991	0.60708	0.61482	0.59866	0.56396	0.60475	0.58313	0.60708	0.58267	0.57737	0.58088	0.59336	0.60586	0.57047	0.59535	0.57047	0.57406	0.54902	0.60373	0.7969	0.59647	0.54053	0.60586	0.60647	0.52401	0.70523	0.59102	0.77835	0.56315	0.55619	0.53973	0.57125	0.57125	0.53899	0.481	0.55268	0.60602	0.53964	0.53071	0.56445	0.79487	0.60464	0.71095	0.54841	0.60373	0.57414	0.52557	0.70607	0.59162	0.70719	0.6074	0.49877
allele_10_IN_NC_012469.fna	0.56986	1.0	0.65593	0.80183	0.77198	0.82854	0.73197	0.77729	0.82056	0.62093	0.58949	0.63193	0.63687	0.62931	0.60177	0.61765	0.62	0.62146	0.64447	0.86274	0.81948	0.86391	0.80568	0.84608	0.84829	0.85983	0.86979	0.85154	0.85507	0.8098	0.85891	0.99951	0.86815	0.99656	0.86582	0.83029	0.82904	0.63404	0.86009	0.80319	0.85937	0.85688	0.82602	0.63357	0.8532	0.65991	0.83152	0.81422	0.81342	0.82898	0.82852	0.81962	0.77184	0.84438	0.88858	0.83945	0.81914	0.8367	0.63132	0.83341	0.62986	0.8317	0.82813	0.85442	0.82684	0.68018	0.8532	0.63193	0.85523	0.92794
allele_11_IN_NC_014251.fna	0.72267	0.65593	1.0	0.6287	0.57649	0.62804	0.55465	0.58065	0.62084	0.84457	0.76296	0.88235	0.90802	0.87839	0.80023	0.84583	0.86629	0.84396	0.89323	0.63631	0.63065	0.63516	0.61568	0.62773	0.62876	0.63686	0.64854	0.62707	0.63088	0.61991	0.63522	0.6565	0.63187	0.65252	0.62702	0.601	0.63238	0.81582	0.62865	0.5842	0.63577	0.63242	0.61929	0.88235	0.63913	0.73289	0.65768	0.59049	0.58775	0.63786	0.63786	0.65658	0.57726	0.64607	0.64532	0.5952	0.63398	0.60254	0.81335	0.64638	0.898	0.60266	0.63184	0.65899	0.62182	0.74057	0.6375	0.88172	0.63587	0.58917
allele_12_IN_NC_003028.fna	0.53543	0.80183	0.6287	1.0	0.72372	0.77506	0.6896	0.72842	0.76787	0.60944	0.58469	0.61907	0.62381	0.61648	0.57534	0.60613	0.60728	0.60998	0.63409	0.77508	0.74072	0.79526	0.73286	0.80212	0.7594	0.77846	0.8174	0.753	0.75624	0.77093	0.77626	0.80229	0.77196	0.80018	0.76524	0.72727	0.77283	0.60886	0.78769	0.71241	0.7767	0.77331	0.79842	0.62073	0.78021	0.6333	0.79625	0.74767	0.73398	0.76148	0.76103	0.83715	0.72266	0.86533	0.7917	0.74176	0.74391	0.76933	0.60616	0.78565	0.61963	0.72772	0.77195	0.75464	0.84575	0.64455	0.78021	0.61907	0.78068	0.73455
allele_13_IN_18.spades_contigs.fasta	0.52407	0.77198	0.57649	0.72372	1.0	0.92485	0.9392	0.98143	0.93457	0.55673	0.54509	0.56108	0.56535	0.55894	0.58801	0.55079	0.55323	0.55625	0.57352	0.78514	0.75931	0.83225	0.73533	0.82083	0.76578	0.78327	0.79991	0.76249	0.76561	0.90165	0.782	0.77241	0.76959	0.76953	0.78397	0.74123	0.81314	0.59492	0.81602	0.7222	0.782	0.78003	0.87091	0.56404	0.82205	0.62121	0.80252	0.85931	0.74101	0.73695	0.73653	0.76047	0.67448	0.78325	0.79593	0.75871	0.71691	0.80754	0.59243	0.83485	0.55749	0.74508	0.81229	0.74521	0.7751	0.62394	0.82077	0.56108	0.79906	0.7125
allele_14_IN_47.spades_contigs.fasta	0.57508	0.82854	0.62804	0.77506	0.92485	1.0	0.87589	0.9344	0.98963	0.60375	0.57182	0.60974	0.61526	0.60726	0.61801	0.59739	0.60053	0.60323	0.62466	0.84542	0.81339	0.89655	0.79067	0.88531	0.82265	0.84308	0.86202	0.81964	0.82307	0.91985	0.84172	0.82901	0.83019	0.82599	0.84489	0.79688	0.87489	0.64824	0.87855	0.77366	0.84172	0.83969	0.93905	0.61296	0.88163	0.67728	0.86374	0.83289	0.796	0.7932	0.79274	0.81925	0.72632	0.84374	0.85741	0.81724	0.77248	0.86999	0.64553	0.89935	0.60747	0.80009	0.87397	0.80275	0.8353	0.6815	0.88026	0.60974	0.86018	0.7646
allele_15_IN_25.spades_contigs.fasta	0.51123	0.73197	0.55465	0.6896	0.9392	0.87589	1.0	0.93166	0.88512	0.57022	0.52404	0.54243	0.54619	0.54044	0.60757	0.56634	0.53519	0.56976	0.55331	0.75071	0.75736	0.79259	0.70403	0.78371	0.73139	0.7491	0.76173	0.72798	0.73091	0.85461	0.74789	0.73238	0.73504	0.73041	0.74255	0.70764	0.77332	0.57705	0.77641	0.69174	0.74789	0.74517	0.82474	0.54524	0.77791	0.63939	0.75979	0.81956	0.70776	0.69972	0.69931	0.72215	0.64291	0.74534	0.75494	0.71813	0.68357	0.76872	0.57468	0.79095	0.53693	0.71049	0.77251	0.71093	0.73741	0.60607	0.7767	0.54243	0.75827	0.67541
allele_16_IN_11.spades_contigs.fasta	0.52912	0.77729	0.58065	0.72842	0.98143	0.9344	0.93166	1.0	0.94333	0.56047	0.54801	0.56794	0.57237	0.56576	0.58918	0.55739	0.55992	0.55998	0.57763	0.79434	0.76387	0.84296	0.74361	0.83131	0.77308	0.79241	0.80806	0.77069	0.77385	0.90909	0.79113	0.77773	0.7796	0.77483	0.78989	0.74924	0.82264	0.60322	0.82481	0.72966	0.79113	0.78916	0.88041	0.56794	0.82818	0.6321	0.80859	0.87243	0.74808	0.74407	0.74363	0.76838	0.68143	0.79137	0.8063	0.7644	0.72426	0.81802	0.60121	0.84208	0.56137	0.75313	0.82178	0.75279	0.78319	0.63508	0.82947	0.56794	0.80849	0.71727
allele_17_IN_9.spades_contigs.fasta	0.56843	0.82056	0.62084	0.76787	0.93457	0.98963	0.88512	0.94333	1.0	0.59722	0.58324	0.60296	0.6083	0.60053	0.62836	0.59091	0.59395	0.5967	0.61752	0.83695	0.80545	0.8874	0.78276	0.87637	0.81441	0.83468	0.85375	0.81136	0.81475	0.91069	0.83333	0.82102	0.82179	0.81801	0.83619	0.7888	0.86609	0.64041	0.86959	0.76621	0.83333	0.83131	0.92975	0.60614	0.87279	0.66929	0.85536	0.82481	0.78803	0.78516	0.78471	0.81125	0.7194	0.8355	0.84864	0.80882	0.76511	0.8611	0.63773	0.89017	0.60064	0.79199	0.86518	0.7951	0.8271	0.67328	0.87144	0.60296	0.85146	0.75723
allele_18_IN_30.spades_contigs.fasta	0.69206	0.62093	0.84457	0.60944	0.55673	0.60375	0.57022	0.56047	0.59722	1.0	0.75521	0.939	0.91251	0.93777	0.8912	0.97166	0.92092	0.99938	0.91605	0.63285	0.66527	0.61571	0.62821	0.62715	0.63174	0.63389	0.64335	0.6153	0.6189	0.61633	0.63232	0.62146	0.6286	0.61765	0.59421	0.58373	0.62707	0.77354	0.60491	0.57517	0.63285	0.62965	0.58988	0.9427	0.6268	0.74932	0.63543	0.57002	0.5935	0.63317	0.63317	0.6112	0.5558	0.61329	0.62632	0.56684	0.60252	0.58586	0.7695	0.62806	0.90203	0.5853	0.62655	0.63152	0.58932	0.70091	0.62526	0.93839	0.62936	0.54565
allele_19_IN_41.spades_contigs.fasta	0.58538	0.58949	0.76296	0.58469	0.54509	0.57182	0.52404	0.54801	0.58324	0.75521	1.0	0.78378	0.80891	0.78037	0.7755	0.75916	0.77069	0.75579	0.8183	0.59501	0.57482	0.59318	0.60325	0.58995	0.59044	0.59555	0.59889	0.58846	0.59218	0.57203	0.59446	0.59004	0.58945	0.58599	0.56174	0.55531	0.58619	0.68754	0.57455	0.54809	0.59446	0.59108	0.55793	0.78378	0.58543	0.62851	0.59955	0.54	0.55652	0.63228	0.63228	0.61313	0.55112	0.59135	0.58817	0.53308	0.60305	0.56185	0.68348	0.59302	0.7953	0.55696	0.58565	0.61574	0.56871	0.67539	0.58704	0.78378	0.58593	0.56088
allele_20_IN_23.spades_contigs.fasta	0.70784	0.63193	0.88235	0.61907	0.56108	0.60974	0.54243	0.56794	0.60296	0.939	0.78378	1.0	0.96724	0.99488	0.86527	0.95857	0.97538	0.93962	0.95119	0.64715	0.63269	0.63011	0.62534	0.64343	0.63437	0.64823	0.65606	0.61971	0.62339	0.62461	0.64662	0.63247	0.64336	0.62857	0.60432	0.58745	0.63998	0.81513	0.61683	0.5785	0.64715	0.64389	0.60122	0.99615	0.63391	0.73171	0.64582	0.58035	0.59529	0.64905	0.64905	0.63506	0.57802	0.62542	0.63946	0.57622	0.62458	0.59892	0.81092	0.63792	0.94733	0.58906	0.63945	0.65841	0.60078	0.7367	0.6355	0.99872	0.64404	0.55403
allele_21_IN_36.spades_contigs.fasta	0.72874	0.63687	0.90802	0.62381	0.56535	0.61526	0.54619	0.57237	0.6083	0.91251	0.80891	0.96724	1.0	0.96289	0.86749	0.92703	0.94949	0.91312	0.95238	0.65227	0.63797	0.63328	0.63181	0.64847	0.63924	0.65336	0.66145	0.62432	0.62807	0.62973	0.65172	0.63743	0.64841	0.63346	0.60704	0.59148	0.64544	0.84116	0.6192	0.58214	0.65227	0.64896	0.60338	0.96724	0.63871	0.75292	0.6563	0.58197	0.59946	0.65439	0.65439	0.63679	0.58096	0.62693	0.64447	0.57843	0.63158	0.60208	0.83684	0.6479	0.96	0.59312	0.6449	0.66112	0.60183	0.75854	0.64032	0.96596	0.64962	0.5707
allele_22_IN_43.spades_contigs.fasta	0.70508	0.62931	0.87839	0.61648	0.55894	0.60726	0.54044	0.56576	0.60053	0.93777	0.78037	0.99488	0.96289	1.0	0.86169	0.95379	0.97601	0.93839	0.9469	0.64454	0.63017	0.62755	0.62275	0.64083	0.6318	0.64561	0.65336	0.61719	0.62086	0.62213	0.644	0.62985	0.64075	0.62596	0.60183	0.58503	0.63742	0.8116	0.61432	0.57625	0.64454	0.64129	0.59868	0.99104	0.63391	0.7288	0.64313	0.5781	0.59285	0.64634	0.64634	0.6323	0.57548	0.62277	0.63685	0.57381	0.6219	0.59646	0.80742	0.63534	0.94306	0.58663	0.63689	0.65564	0.59821	0.7337	0.6355	0.9936	0.64145	0.55167
allele_23_IN_14.spades_contigs.fasta	0.706	0.60177	0.80023	0.57534	0.58801	0.61801	0.60757	0.58918	0.62836	0.8912	0.7755	0.86527	0.86749	0.86169	1.0	0.90326	0.84906	0.89063	0.84918	0.64694	0.67188	0.6289	0.63043	0.64541	0.63911	0.64746	0.62617	0.62903	0.63262	0.62766	0.64642	0.60228	0.64327	0.59854	0.60658	0.59771	0.63846	0.79496	0.6171	0.58841	0.64642	0.64379	0.55901	0.86876	0.63516	0.76795	0.60124	0.58175	0.60634	0.64665	0.64665	0.57485	0.52509	0.57749	0.63584	0.57941	0.57581	0.59927	0.79095	0.64008	0.8682	0.59927	0.63795	0.61331	0.55445	0.72417	0.63362	0.86411	0.64186	0.54304
allele_24_IN_28.spades_contigs.fasta	0.70392	0.61765	0.84583	0.60613	0.55079	0.59739	0.56634	0.55739	0.59091	0.97166	0.75916	0.95857	0.92703	0.95379	0.90326	1.0	0.93613	0.97227	0.91156	0.63436	0.65686	0.61615	0.61798	0.63023	0.62697	0.63541	0.64225	0.6126	0.61619	0.61216	0.63384	0.61818	0.63012	0.61435	0.59041	0.58097	0.627	0.78435	0.60429	0.57256	0.63436	0.63116	0.58868	0.95485	0.62113	0.75935	0.63215	0.56939	0.58867	0.63312	0.63312	0.61	0.55507	0.61211	0.62467	0.56299	0.60022	0.58574	0.78029	0.62487	0.91558	0.58254	0.62649	0.6331	0.58811	0.71675	0.62268	0.95733	0.6293	0.54721
allele_25_IN_50.spades_contigs.fasta	0.69428	0.62	0.86629	0.60728	0.55323	0.60053	0.53519	0.55992	0.59395	0.92092	0.77069	0.97538	0.94949	0.97601	0.84906	0.93613	1.0	0.92153	0.92992	0.63526	0.62176	0.61897	0.61679	0.63161	0.62269	0.63632	0.64378	0.60824	0.61185	0.61384	0.63473	0.62054	0.6315	0.61668	0.5935	0.57694	0.62886	0.80095	0.60644	0.56823	0.63526	0.63203	0.59183	0.97159	0.6305	0.72009	0.63468	0.57107	0.58417	0.63671	0.63671	0.62252	0.56702	0.61335	0.6276	0.56633	0.61294	0.58824	0.79681	0.62724	0.92992	0.57853	0.62833	0.64579	0.58908	0.72529	0.63208	0.97412	0.63277	0.54541
allele_26_IN_22.spades_contigs.fasta	0.69141	0.62146	0.84396	0.60998	0.55625	0.60323	0.56976	0.55998	0.5967	0.99938	0.75579	0.93962	0.91312	0.93839	0.89063	0.97227	0.92153	1.0	0.91667	0.63337	0.66474	0.61623	0.62874	0.62768	0.63227	0.63441	0.64282	0.61478	0.61837	0.61582	0.63285	0.622	0.62913	0.61818	0.59474	0.5832	0.62758	0.77412	0.60543	0.57468	0.63337	0.63017	0.58988	0.94331	0.62732	0.74986	0.63597	0.57052	0.59403	0.63371	0.63371	0.61176	0.5558	0.61383	0.62684	0.56737	0.60252	0.58639	0.77008	0.62859	0.90265	0.58478	0.62707	0.63207	0.58987	0.70144	0.62577	0.939	0.62988	0.54618
allele_27_IN_7.spades_contigs.fasta	0.68991	0.64447	0.89323	0.63409	0.57352	0.62466	0.55331	0.57763	0.61752	0.91605	0.8183	0.95119	0.95238	0.9469	0.84918	0.91156	0.92992	0.91667	1.0	0.64783	0.64056	0.64226	0.62625	0.64083	0.63915	0.64838	0.65807	0.63446	0.63827	0.63014	0.64674	0.64503	0.64341	0.64104	0.62451	0.60122	0.64266	0.80329	0.6259	0.59117	0.64728	0.64396	0.61127	0.95504	0.63803	0.71938	0.65869	0.5879	0.59869	0.65094	0.65094	0.65179	0.5795	0.64137	0.65036	0.59541	0.64495	0.61065	0.79903	0.65014	0.93047	0.60288	0.64212	0.65995	0.61869	0.72886	0.63641	0.95055	0.64683	0.57305
allele_28_IN_ERR124225.fa	0.60708	0.86274	0.63631	0.77508	0.78514	0.84542	0.75071	0.79434	0.83695	0.63285	0.59501	0.64715	0.65227	0.64454	0.64694	0.63436	0.63526	0.63337	0.64783	1.0	0.84421	0.89027	0.8544	0.88537	0.88359	0.98479	0.85267	0.86303	0.86651	0.85682	0.98801	0.8632	0.88853	0.86116	0.85661	0.8367	0.8598	0.6857	0.87253	0.81585	0.98801	0.98523	0.79298	0.64715	0.8623	0.71162	0.82055	0.82766	0.85577	0.84779	0.84732	0.78562	0.75631	0.80893	0.89269	0.83256	0.79807	0.86399	0.68407	0.85616	0.64476	0.83716	0.85889	0.83433	0.78867	0.72991	0.86366	0.64608	0.87723	0.79503
allele_29_IN_ERR068020.fa	0.61482	0.81948	0.63065	0.74072	0.75931	0.81339	0.75736	0.76387	0.80545	0.66527	0.57482	0.63269	0.63797	0.63017	0.67188	0.65686	0.62176	0.66474	0.64056	0.84421	1.0	0.82663	0.85394	0.83222	0.8805	0.85422	0.80622	0.85689	0.86029	0.8266	0.852	0.81993	0.85798	0.817	0.82959	0.83019	0.83524	0.67431	0.80694	0.81007	0.852	0.85002	0.76108	0.63584	0.81834	0.73106	0.79015	0.76679	0.85939	0.82746	0.82701	0.74788	0.75427	0.77112	0.85881	0.80621	0.7938	0.80161	0.66951	0.82653	0.62806	0.83243	0.83436	0.82884	0.75145	0.70331	0.81703	0.63216	0.85862	0.75424
allele_2_IN_NC_008533.fna	0.59866	0.86391	0.63516	0.79526	0.83225	0.89655	0.79259	0.84296	0.8874	0.61571	0.59318	0.63011	0.63328	0.62755	0.6289	0.61615	0.61897	0.61623	0.64226	0.89027	0.82663	1.0	0.80824	0.91389	0.83923	0.88629	0.87855	0.84306	0.84655	0.8823	0.88629	0.86438	0.86199	0.86231	0.86225	0.81688	0.89558	0.66522	0.92055	0.79639	0.88629	0.88338	0.84848	0.62796	0.91517	0.6937	0.87786	0.87138	0.81092	0.81413	0.81366	0.8404	0.75174	0.86447	0.88216	0.83686	0.80168	0.97009	0.66358	0.91375	0.62153	0.82197	0.89466	0.83001	0.84684	0.70991	0.91655	0.63011	0.86372	0.80141
allele_30_IN_ERR068021.fa	0.56396	0.80568	0.61568	0.73286	0.73533	0.79067	0.70403	0.74361	0.78276	0.62821	0.60325	0.62534	0.63181	0.62275	0.63043	0.61798	0.61679	0.62874	0.62625	0.8544	0.85394	0.80824	1.0	0.82162	0.92618	0.85545	0.82068	0.85226	0.85576	0.79502	0.85454	0.80614	0.84077	0.80312	0.81541	0.82571	0.81101	0.66095	0.81005	0.80439	0.85454	0.85251	0.73901	0.62534	0.80018	0.66097	0.77056	0.76873	0.92854	0.8807	0.88023	0.75848	0.73047	0.76644	0.85002	0.79188	0.76969	0.78307	0.65708	0.80691	0.63094	0.82709	0.8101	0.80286	0.74621	0.6721	0.80152	0.6248	0.82815	0.76845
allele_31_IN_ERR069785.fa	0.60475	0.84608	0.62773	0.80212	0.82083	0.88531	0.78371	0.83131	0.87637	0.62715	0.58995	0.64343	0.64847	0.64083	0.64541	0.63023	0.63161	0.62768	0.64083	0.88537	0.83222	0.91389	0.82162	1.0	0.85277	0.88326	0.89606	0.83577	0.8392	0.89502	0.8819	0.84654	0.87448	0.84449	0.83503	0.8095	0.89466	0.70962	0.9096	0.79011	0.8819	0.879	0.83234	0.64343	0.90177	0.71847	0.86017	0.86248	0.82573	0.82557	0.8251	0.83869	0.74575	0.86573	0.86922	0.811	0.78706	0.8875	0.70364	0.89558	0.64154	0.80996	0.89466	0.82423	0.84522	0.7244	0.90314	0.6429	0.87048	0.78065
allele_32_IN_ERR067986.fa	0.58313	0.84829	0.62876	0.7594	0.76578	0.82265	0.73139	0.77308	0.81441	0.63174	0.59044	0.63437	0.63924	0.6318	0.63911	0.62697	0.62269	0.63227	0.63915	0.88359	0.8805	0.83923	0.92618	0.85277	1.0	0.88407	0.85308	0.90496	0.90858	0.82287	0.88316	0.84875	0.87063	0.84576	0.84484	0.87811	0.84065	0.66883	0.85069	0.85378	0.88316	0.88117	0.77035	0.63437	0.83049	0.69781	0.79754	0.8069	0.93529	0.85747	0.85701	0.77439	0.74003	0.79034	0.88143	0.82121	0.78359	0.81305	0.66504	0.83402	0.63617	0.87951	0.83975	0.81889	0.77011	0.7118	0.83183	0.63383	0.85453	0.78076
allele_33_IN_ERR069829.fa	0.60708	0.85983	0.63686	0.77846	0.78327	0.84308	0.7491	0.79241	0.83468	0.63389	0.59555	0.64823	0.65336	0.64561	0.64746	0.63541	0.63632	0.63441	0.64838	0.98479	0.85422	0.88629	0.85545	0.88326	0.88407	1.0	0.85119	0.8589	0.86235	0.85492	0.99584	0.86028	0.88548	0.85826	0.85557	0.83273	0.85875	0.6857	0.86957	0.8122	0.99677	0.99307	0.79138	0.64823	0.86035	0.71162	0.81971	0.82509	0.85636	0.8445	0.84404	0.78175	0.75536	0.80495	0.89144	0.83165	0.7969	0.86016	0.68407	0.85468	0.64584	0.83318	0.85785	0.83295	0.7848	0.73045	0.8617	0.64715	0.87608	0.79249
allele_34_IN_ERR069722.fa	0.58267	0.86979	0.64854	0.8174	0.79991	0.86202	0.76173	0.80806	0.85375	0.64335	0.59889	0.65606	0.66145	0.65336	0.62617	0.64225	0.64378	0.64282	0.65807	0.85267	0.80622	0.87855	0.82068	0.89606	0.85308	0.85119	1.0	0.81994	0.82337	0.86691	0.84982	0.87027	0.85396	0.86721	0.80809	0.79347	0.89903	0.6596	0.90155	0.7739	0.85027	0.84778	0.85809	0.65771	0.88206	0.68817	0.88611	0.85353	0.82342	0.82698	0.82651	0.85502	0.77344	0.88334	0.8448	0.78392	0.81723	0.85202	0.65579	0.88956	0.65982	0.79393	0.89811	0.85531	0.86222	0.70427	0.88206	0.65496	0.84123	0.79943
allele_35_IN_ERR067972.fa	0.57737	0.85154	0.62707	0.753	0.76249	0.81964	0.72798	0.77069	0.81136	0.6153	0.58846	0.61971	0.62432	0.61719	0.62903	0.6126	0.60824	0.61478	0.63446	0.86303	0.85689	0.84306	0.85226	0.83577	0.90496	0.8589	0.81994	1.0	0.99617	0.81607	0.85844	0.85201	0.87592	0.84899	0.84346	0.96743	0.83167	0.65672	0.83094	0.93787	0.85844	0.85643	0.76641	0.61971	0.83077	0.68857	0.7989	0.78797	0.86065	0.81667	0.8162	0.77042	0.73845	0.78608	0.8757	0.81916	0.78489	0.8162	0.65456	0.83219	0.61918	0.96887	0.83076	0.81357	0.7673	0.70524	0.83213	0.61971	0.84302	0.78291
allele_36_IN_ERR068041.fa	0.58088	0.85507	0.63088	0.75624	0.76561	0.82307	0.73091	0.77385	0.81475	0.6189	0.59218	0.62339	0.62807	0.62086	0.63262	0.61619	0.61185	0.61837	0.63827	0.86651	0.86029	0.84655	0.85576	0.8392	0.90858	0.86235	0.82337	0.99617	1.0	0.8194	0.8619	0.85554	0.87945	0.85253	0.84698	0.96791	0.83507	0.66051	0.83395	0.93923	0.8619	0.85988	0.76976	0.62339	0.83416	0.69235	0.8023	0.79077	0.86416	0.82012	0.81966	0.77383	0.73845	0.7895	0.87925	0.82265	0.7883	0.81966	0.65834	0.83563	0.6229	0.96935	0.83417	0.81701	0.7707	0.70913	0.83552	0.62339	0.84647	0.78635
allele_37_IN_ERR129057.fa	0.59336	0.8098	0.61991	0.77093	0.90165	0.91985	0.85461	0.90909	0.91069	0.61633	0.57203	0.62461	0.62973	0.62213	0.62766	0.61216	0.61384	0.61582	0.63014	0.85682	0.8266	0.8823	0.79502	0.89502	0.82287	0.85492	0.86691	0.81607	0.8194	1.0	0.85358	0.81025	0.83476	0.80729	0.81802	0.78945	0.87823	0.66561	0.87071	0.77145	0.85358	0.8516	0.86566	0.62775	0.86957	0.68795	0.8565	0.8723	0.79546	0.80207	0.80162	0.80776	0.73453	0.83067	0.85333	0.79448	0.77354	0.85695	0.66295	0.89316	0.62096	0.79169	0.87734	0.80942	0.81059	0.68859	0.86823	0.62408	0.85785	0.74415
allele_38_IN_ERR124263.fa	0.60586	0.85891	0.63522	0.77626	0.782	0.84172	0.74789	0.79113	0.83333	0.63232	0.59446	0.64662	0.65172	0.644	0.64642	0.63384	0.63473	0.63285	0.64674	0.98801	0.852	0.88629	0.85454	0.8819	0.88316	0.99584	0.84982	0.85844	0.8619	0.85358	1.0	0.85937	0.88502	0.85734	0.85281	0.83227	0.8565	0.68461	0.86865	0.81177	0.99908	0.9963	0.78957	0.64662	0.85855	0.71055	0.81744	0.82422	0.85545	0.84495	0.8445	0.78267	0.75354	0.80586	0.88868	0.82889	0.79507	0.86016	0.68298	0.85286	0.64422	0.83273	0.8556	0.83113	0.78571	0.72936	0.8599	0.64554	0.87426	0.79157
allele_39_IN_ERR124233.fa	0.57047	0.99951	0.6565	0.80229	0.77241	0.82901	0.73238	0.77773	0.82102	0.62146	0.59004	0.63247	0.63743	0.62985	0.60228	0.61818	0.62054	0.622	0.64503	0.8632	0.81993	0.86438	0.80614	0.84654	0.84875	0.86028	0.87027	0.85201	0.85554	0.81025	0.85937	1.0	0.86862	0.99705	0.86629	0.83029	0.8295	0.63458	0.85962	0.80363	0.85983	0.85734	0.8265	0.63412	0.85366	0.66045	0.83199	0.81378	0.81388	0.82945	0.82898	0.81914	0.77232	0.8439	0.88811	0.83945	0.81962	0.83717	0.63187	0.83387	0.63041	0.8317	0.82858	0.85489	0.82636	0.68072	0.85366	0.63247	0.85569	0.92745
allele_3_IN_NC_010380.fna	0.59535	0.86815	0.63187	0.77196	0.76959	0.83019	0.73504	0.7796	0.82179	0.6286	0.58945	0.64336	0.64841	0.64075	0.64327	0.63012	0.6315	0.62913	0.64341	0.88853	0.85798	0.86199	0.84077	0.87448	0.87063	0.88548	0.85396	0.87592	0.87945	0.83476	0.88502	0.86862	1.0	0.86657	0.85548	0.84942	0.84963	0.68464	0.85231	0.82778	0.88502	0.88211	0.77727	0.64336	0.84696	0.71169	0.80922	0.80825	0.84353	0.89456	0.89409	0.76705	0.7652	0.79443	0.89277	0.83124	0.80823	0.83504	0.68083	0.84516	0.64472	0.84988	0.84872	0.84518	0.77401	0.731	0.84832	0.64228	0.9057	0.79991
allele_40_IN_ERR129049.fa	0.57047	0.99656	0.65252	0.80018	0.76953	0.82599	0.73041	0.77483	0.81801	0.61765	0.58599	0.62857	0.63346	0.62596	0.59854	0.61435	0.61668	0.61818	0.64104	0.86116	0.817	0.86231	0.80312	0.84449	0.84576	0.85826	0.86721	0.84899	0.85253	0.80729	0.85734	0.99705	0.86657	1.0	0.86421	0.82725	0.82651	0.63181	0.85755	0.80585	0.8578	0.86009	0.82339	0.63022	0.85069	0.65777	0.82891	0.81175	0.81086	0.82641	0.82594	0.81599	0.77008	0.84079	0.88512	0.83734	0.81744	0.83506	0.62908	0.83086	0.62646	0.82865	0.82559	0.85277	0.82322	0.678	0.85069	0.62857	0.85272	0.9244
allele_41_IN_ERR067961.fa	0.57406	0.86582	0.62702	0.76524	0.78397	0.84489	0.74255	0.78989	0.83619	0.59421	0.56174	0.60432	0.60704	0.60183	0.60658	0.59041	0.5935	0.59474	0.62451	0.85661	0.82959	0.86225	0.81541	0.83503	0.84484	0.85557	0.80809	0.84346	0.84698	0.81802	0.85281	0.86629	0.85548	0.86421	1.0	0.82265	0.82243	0.63711	0.84637	0.79725	0.85281	0.85168	0.79522	0.60541	0.85189	0.66113	0.83014	0.80213	0.8186	0.82213	0.82166	0.79431	0.72004	0.81874	0.94143	0.97067	0.77146	0.83592	0.63383	0.86262	0.59978	0.82312	0.82151	0.79408	0.83656	0.67398	0.85051	0.60432	0.89402	0.80444
allele_42_IN_ERR129177.fa	0.54902	0.83029	0.601	0.72727	0.74123	0.79688	0.70764	0.74924	0.7888	0.58373	0.55531	0.58745	0.59148	0.58503	0.59771	0.58097	0.57694	0.5832	0.60122	0.8367	0.83019	0.81688	0.82571	0.8095	0.87811	0.83273	0.79347	0.96743	0.96791	0.78945	0.83227	0.83029	0.84942	0.82725	0.82265	1.0	0.80554	0.6252	0.81076	0.9093	0.83227	0.83021	0.74403	0.58745	0.80471	0.65757	0.77241	0.76879	0.83403	0.78999	0.78952	0.74907	0.72829	0.76487	0.85082	0.83286	0.75905	0.79045	0.62303	0.80579	0.58763	0.99261	0.80463	0.78743	0.74605	0.67359	0.80607	0.58745	0.81668	0.76157
allele_43_IN_ERR068023.fa	0.60373	0.82904	0.63238	0.77283	0.81314	0.87489	0.77332	0.82264	0.86609	0.62707	0.58619	0.63998	0.64544	0.63742	0.63846	0.627	0.62886	0.62758	0.64266	0.8598	0.83524	0.89558	0.81101	0.89466	0.84065	0.85875	0.89903	0.83167	0.83507	0.87823	0.8565	0.8295	0.84963	0.82651	0.82243	0.80554	1.0	0.68871	0.88051	0.78559	0.8565	0.8545	0.82401	0.63998	0.87444	0.71046	0.8444	0.83529	0.81146	0.80876	0.80831	0.80229	0.74657	0.82844	0.86133	0.79863	0.78774	0.86891	0.68817	0.88035	0.63807	0.806	0.99907	0.82479	0.80826	0.72054	0.87579	0.63945	0.87551	0.76241
allele_44_IN_ERR068009.fa	0.7969	0.63404	0.81582	0.60886	0.59492	0.64824	0.57705	0.60322	0.64041	0.77354	0.68754	0.81513	0.84116	0.8116	0.79496	0.78435	0.80095	0.77412	0.80329	0.6857	0.67431	0.66522	0.66095	0.70962	0.66883	0.6857	0.6596	0.65672	0.66051	0.66561	0.68461	0.63458	0.68464	0.63181	0.63711	0.6252	0.68871	1.0	0.65925	0.61389	0.68461	0.68083	0.58699	0.81513	0.67219	0.84418	0.63622	0.61978	0.62981	0.68	0.68	0.61712	0.56529	0.60779	0.67707	0.60865	0.62081	0.63419	0.99312	0.67809	0.82558	0.62575	0.68817	0.66016	0.58365	0.81204	0.6738	0.81453	0.68452	0.57237
allele_45_IN_ERR069811.fa	0.59647	0.86009	0.62865	0.78769	0.81602	0.87855	0.77641	0.82481	0.86959	0.60491	0.57455	0.61683	0.6192	0.61432	0.6171	0.60429	0.60644	0.60543	0.6259	0.87253	0.80694	0.92055	0.81005	0.9096	0.85069	0.86957	0.90155	0.83094	0.83395	0.87071	0.86865	0.85962	0.85231	0.85755	0.84637	0.81076	0.88051	0.65925	1.0	0.78531	0.86865	0.86572	0.83473	0.61576	0.9235	0.68404	0.87079	0.94602	0.81548	0.81511	0.81464	0.83365	0.73762	0.85956	0.87822	0.82201	0.77737	0.8961	0.65545	0.90684	0.61626	0.81215	0.8796	0.81166	0.84149	0.69945	0.92397	0.61683	0.84796	0.79108
allele_46_IN_ERR129215.fa	0.54053	0.80319	0.5842	0.71241	0.7222	0.77366	0.69174	0.72966	0.76621	0.57517	0.54809	0.5785	0.58214	0.57625	0.58841	0.57256	0.56823	0.57468	0.59117	0.81585	0.81007	0.79639	0.80439	0.79011	0.85378	0.8122	0.7739	0.93787	0.93923	0.77145	0.81177	0.80363	0.82778	0.80585	0.79725	0.9093	0.78559	0.61389	0.78531	1.0	0.81177	0.81393	0.72307	0.5785	0.78571	0.64451	0.75393	0.74666	0.81223	0.77045	0.77001	0.72619	0.69487	0.7413	0.82714	0.77418	0.74152	0.77089	0.61185	0.78562	0.57755	0.91066	0.78473	0.76896	0.72342	0.6593	0.78701	0.5785	0.796	0.73803
allele_47_IN_ERR129186.fa	0.60586	0.85937	0.63577	0.7767	0.782	0.84172	0.74789	0.79113	0.83333	0.63285	0.59446	0.64715	0.65227	0.64454	0.64642	0.63436	0.63526	0.63337	0.64728	0.98801	0.852	0.88629	0.85454	0.8819	0.88316	0.99677	0.85027	0.85844	0.8619	0.85358	0.99908	0.85983	0.88502	0.8578	0.85281	0.83227	0.8565	0.68461	0.86865	0.81177	1.0	0.9963	0.79002	0.64715	0.85855	0.71055	0.81789	0.82422	0.85545	0.84495	0.8445	0.78313	0.75399	0.80632	0.88868	0.82889	0.79553	0.86016	0.68298	0.85286	0.64476	0.83273	0.8556	0.83158	0.78617	0.72936	0.8599	0.64608	0.87426	0.79203
allele_48_IN_ERR129207.fa	0.60647	0.85688	0.63242	0.77331	0.78003	0.83969	0.74517	0.78916	0.83131	0.62965	0.59108	0.64389	0.64896	0.64129	0.64379	0.63116	0.63203	0.63017	0.64396	0.98523	0.85002	0.88338	0.85251	0.879	0.88117	0.99307	0.84778	0.85643	0.85988	0.8516	0.9963	0.85734	0.88211	0.86009	0.85168	0.83021	0.8545	0.68083	0.86572	0.81393	0.9963	1.0	0.78747	0.64389	0.85656	0.70689	0.81537	0.82138	0.85342	0.8429	0.84244	0.78053	0.75046	0.80376	0.88669	0.82773	0.79205	0.85721	0.67919	0.85084	0.64146	0.83067	0.85359	0.82815	0.78359	0.72563	0.85791	0.64282	0.87226	0.78945
allele_49_IN_ERR068039.fa	0.52401	0.82602	0.61929	0.79842	0.87091	0.93905	0.82474	0.88041	0.92975	0.58988	0.55793	0.60122	0.60338	0.59868	0.55901	0.58868	0.59183	0.58988	0.61127	0.79298	0.76108	0.84848	0.73901	0.83234	0.77035	0.79138	0.85809	0.76641	0.76976	0.86566	0.78957	0.8265	0.77727	0.82339	0.79522	0.74403	0.82401	0.58699	0.83473	0.72307	0.79002	0.78747	1.0	0.59956	0.8299	0.61837	0.85975	0.79056	0.74375	0.74481	0.74435	0.85096	0.76804	0.87758	0.80662	0.76804	0.80879	0.83466	0.58428	0.84382	0.59261	0.7477	0.8231	0.80141	0.86894	0.62018	0.8299	0.60122	0.80849	0.76025
allele_4_IN_NC_017591.fna	0.70523	0.63357	0.88235	0.62073	0.56404	0.61296	0.54524	0.56794	0.60614	0.9427	0.78378	0.99615	0.96724	0.99104	0.86876	0.95485	0.97159	0.94331	0.95504	0.64715	0.63584	0.62796	0.62534	0.64343	0.63437	0.64823	0.65771	0.61971	0.62339	0.62775	0.64662	0.63412	0.64336	0.63022	0.60541	0.58745	0.63998	0.81513	0.61576	0.5785	0.64715	0.64389	0.59956	1.0	0.63708	0.73171	0.64914	0.57935	0.59529	0.65072	0.65072	0.63333	0.57802	0.62374	0.63946	0.5773	0.62458	0.59731	0.81092	0.64114	0.95119	0.58906	0.63945	0.65672	0.5991	0.7367	0.6355	0.99486	0.64404	0.55568
allele_50_IN_ERR068010.fa	0.59102	0.8532	0.63913	0.78021	0.82205	0.88163	0.77791	0.82818	0.87279	0.6268	0.58543	0.63391	0.63871	0.63391	0.63516	0.62113	0.6305	0.62732	0.63803	0.8623	0.81834	0.91517	0.80018	0.90177	0.83049	0.86035	0.88206	0.83077	0.83416	0.86957	0.85855	0.85366	0.84696	0.85069	0.85189	0.80471	0.87444	0.67219	0.9235	0.78571	0.85855	0.85656	0.8299	0.63708	1.0	0.69743	0.90947	0.87484	0.80503	0.80409	0.80364	0.81382	0.73636	0.83878	0.87873	0.82797	0.78269	0.88935	0.67112	0.94344	0.63141	0.80517	0.87354	0.81409	0.82103	0.71944	0.99861	0.63391	0.85804	0.78785
allele_51_IN_ERR129064.fa	0.77835	0.65991	0.73289	0.6333	0.62121	0.67728	0.63939	0.6321	0.66929	0.74932	0.62851	0.73171	0.75292	0.7288	0.76795	0.75935	0.72009	0.74986	0.71938	0.71162	0.73106	0.6937	0.66097	0.71847	0.69781	0.71162	0.68817	0.68857	0.69235	0.68795	0.71055	0.66045	0.71169	0.65777	0.66113	0.65757	0.71046	0.84418	0.68404	0.64451	0.71055	0.70689	0.61837	0.73171	0.69743	1.0	0.66081	0.64382	0.66151	0.65067	0.65067	0.60944	0.55508	0.64056	0.7045	0.6333	0.608	0.66382	0.8414	0.70288	0.74131	0.65811	0.70993	0.64556	0.61695	0.82139	0.699	0.73117	0.7099	0.59914
allele_52_IN_ERR069769.fa	0.56315	0.83152	0.65768	0.79625	0.80252	0.86374	0.75979	0.80859	0.85536	0.63543	0.59955	0.64582	0.6563	0.64313	0.60124	0.63215	0.63468	0.63597	0.65869	0.82055	0.79015	0.87786	0.77056	0.86017	0.79754	0.81971	0.88611	0.7989	0.8023	0.8565	0.81744	0.83199	0.80922	0.82891	0.83014	0.77241	0.8444	0.63622	0.87079	0.75393	0.81789	0.81537	0.85975	0.64914	0.90947	0.66081	1.0	0.82447	0.77221	0.77281	0.77235	0.8396	0.74375	0.86471	0.85701	0.8058	0.78811	0.85035	0.6335	0.96006	0.6437	0.77287	0.84349	0.80748	0.84619	0.66993	0.90808	0.64582	0.8451	0.77124
allele_53_IN_ERR124254.fa	0.55619	0.81422	0.59049	0.74767	0.85931	0.83289	0.81956	0.87243	0.82481	0.57002	0.54	0.58035	0.58197	0.5781	0.58175	0.56939	0.57107	0.57052	0.5879	0.82766	0.76679	0.87138	0.76873	0.86248	0.8069	0.82509	0.85353	0.78797	0.79077	0.8723	0.82422	0.81378	0.80825	0.81175	0.80213	0.76879	0.83529	0.61978	0.94602	0.74666	0.82422	0.82138	0.79056	0.57935	0.87484	0.64382	0.82447	1.0	0.77377	0.77217	0.77173	0.78915	0.69882	0.81369	0.8323	0.77906	0.73638	0.84824	0.61621	0.8586	0.57943	0.77011	0.83442	0.76896	0.79653	0.65726	0.87527	0.58035	0.80444	0.74889
allele_54_IN_ERR068040.fa	0.53973	0.81342	0.58775	0.73398	0.74101	0.796	0.70776	0.74808	0.78803	0.5935	0.55652	0.59529	0.59946	0.59285	0.60634	0.58867	0.58417	0.59403	0.59869	0.85577	0.85939	0.81092	0.92854	0.82573	0.93529	0.85636	0.82342	0.86065	0.86416	0.79546	0.85545	0.81388	0.84353	0.81086	0.8186	0.83403	0.81146	0.62981	0.81548	0.81223	0.85545	0.85342	0.74375	0.59529	0.80503	0.66151	0.77221	0.77377	1.0	0.83572	0.83526	0.74781	0.71848	0.7639	0.8547	0.795	0.76158	0.78522	0.62602	0.80866	0.59664	0.83542	0.81055	0.79734	0.74368	0.67047	0.80638	0.59475	0.82861	0.82381
allele_55_IN_ERR129052.fa	0.57125	0.82898	0.63786	0.76148	0.73695	0.7932	0.69972	0.74407	0.78516	0.63317	0.63228	0.64905	0.65439	0.64634	0.64665	0.63312	0.63671	0.63371	0.65094	0.84779	0.82746	0.81413	0.8807	0.82557	0.85747	0.8445	0.82698	0.81667	0.82012	0.80207	0.84495	0.82945	0.89456	0.82641	0.82213	0.78999	0.80876	0.68	0.81511	0.77045	0.84495	0.8429	0.74481	0.65072	0.80409	0.65067	0.77281	0.77217	0.83572	1.0	0.9995	0.80231	0.7931	0.78804	0.85668	0.79785	0.81517	0.78764	0.67606	0.8106	0.65166	0.79045	0.80785	0.85358	0.76731	0.67141	0.80409	0.64794	0.87097	0.76048
allele_56_IN_ERR069790.fa	0.57125	0.82852	0.63786	0.76103	0.73653	0.79274	0.69931	0.74363	0.78471	0.63317	0.63228	0.64905	0.65439	0.64634	0.64665	0.63312	0.63671	0.63371	0.65094	0.84732	0.82701	0.81366	0.88023	0.8251	0.85701	0.84404	0.82651	0.8162	0.81966	0.80162	0.8445	0.82898	0.89409	0.82594	0.82166	0.78952	0.80831	0.68	0.81464	0.77001	0.8445	0.84244	0.74435	0.65072	0.80364	0.65067	0.77235	0.77173	0.83526	0.9995	1.0	0.80183	0.79262	0.78756	0.85621	0.79739	0.81469	0.78717	0.67606	0.81014	0.65166	0.78999	0.80739	0.8531	0.76684	0.67141	0.80364	0.64794	0.8705	0.76002
allele_57_IN_ERR069753.fa	0.53899	0.81962	0.65658	0.83715	0.76047	0.81925	0.72215	0.76838	0.81125	0.6112	0.61313	0.63506	0.63679	0.6323	0.57485	0.61	0.62252	0.61176	0.65179	0.78562	0.74788	0.8404	0.75848	0.83869	0.77439	0.78175	0.85502	0.77042	0.77383	0.80776	0.78267	0.81914	0.76705	0.81599	0.79431	0.74907	0.80229	0.61712	0.83365	0.72619	0.78313	0.78053	0.85096	0.63333	0.81382	0.60944	0.8396	0.78915	0.74781	0.80231	0.80183	1.0	0.79557	0.969	0.81265	0.76777	0.82253	0.81262	0.6143	0.82725	0.63234	0.7514	0.80138	0.82893	0.94614	0.62971	0.81382	0.63506	0.79472	0.75398
allele_58_IN_ERR069810.fa	0.481	0.77184	0.57726	0.72266	0.67448	0.72632	0.64291	0.68143	0.7194	0.5558	0.55112	0.57802	0.58096	0.57548	0.52509	0.55507	0.56702	0.5558	0.5795	0.75631	0.75427	0.75174	0.73047	0.74575	0.74003	0.75536	0.77344	0.73845	0.73845	0.73453	0.75354	0.77232	0.7652	0.77008	0.72004	0.72829	0.74657	0.56529	0.73762	0.69487	0.75399	0.75046	0.76804	0.57802	0.73636	0.55508	0.74375	0.69882	0.71848	0.7931	0.79262	0.79557	1.0	0.77224	0.7463	0.70037	0.92427	0.77323	0.5625	0.73144	0.57291	0.72575	0.74565	0.91004	0.75073	0.58389	0.73636	0.57745	0.75289	0.70215
allele_59_IN_ERR067984.fa	0.55268	0.84438	0.64607	0.86533	0.78325	0.84374	0.74534	0.79137	0.8355	0.61329	0.59135	0.62542	0.62693	0.62277	0.57749	0.61211	0.61335	0.61383	0.64137	0.80893	0.77112	0.86447	0.76644	0.86573	0.79034	0.80495	0.88334	0.78608	0.7895	0.83067	0.80586	0.8439	0.79443	0.84079	0.81874	0.76487	0.82844	0.60779	0.85956	0.7413	0.80632	0.80376	0.87758	0.62374	0.83878	0.64056	0.86471	0.81369	0.7639	0.78804	0.78756	0.969	0.77224	1.0	0.83648	0.79224	0.79816	0.83718	0.60505	0.85166	0.62266	0.76719	0.82752	0.80484	0.97713	0.64961	0.83878	0.62542	0.81721	0.7789
allele_5_IN_NC_012466.fna	0.60602	0.88858	0.64532	0.7917	0.79593	0.85741	0.75494	0.8063	0.84864	0.62632	0.58817	0.63946	0.64447	0.63685	0.63584	0.62467	0.6276	0.62684	0.65036	0.89269	0.85881	0.88216	0.85002	0.86922	0.88143	0.89144	0.8448	0.8757	0.87925	0.85333	0.88868	0.88811	0.89277	0.88512	0.94143	0.85082	0.86133	0.67707	0.87822	0.82714	0.88868	0.88669	0.80662	0.63946	0.87873	0.7045	0.85701	0.8323	0.8547	0.85668	0.85621	0.81265	0.7463	0.83648	1.0	0.91619	0.79157	0.85587	0.67488	0.89393	0.63805	0.85501	0.86041	0.82486	0.81831	0.71327	0.88011	0.63946	0.93091	0.81946
allele_60_IN_ERR069718.fa	0.53964	0.83945	0.5952	0.74176	0.75871	0.81724	0.71813	0.7644	0.80882	0.56684	0.53308	0.57622	0.57843	0.57381	0.57941	0.56299	0.56633	0.56737	0.59541	0.83256	0.80621	0.83686	0.79188	0.811	0.82121	0.83165	0.78392	0.81916	0.82265	0.79448	0.82889	0.83945	0.83124	0.83734	0.97067	0.83286	0.79863	0.60865	0.82201	0.77418	0.82889	0.82773	0.76804	0.5773	0.82797	0.6333	0.8058	0.77906	0.795	0.79785	0.79739	0.76777	0.70037	0.79224	0.91619	1.0	0.74767	0.81053	0.60536	0.83832	0.57135	0.83461	0.79771	0.77048	0.80948	0.64544	0.82659	0.57622	0.86975	0.77799
allele_61_IN_ERR069692.fa	0.53071	0.81914	0.63398	0.74391	0.71691	0.77248	0.68357	0.72426	0.76511	0.60252	0.60305	0.62458	0.63158	0.6219	0.57581	0.60022	0.61294	0.60252	0.64495	0.79807	0.7938	0.80168	0.76969	0.78706	0.78359	0.7969	0.81723	0.78489	0.7883	0.77354	0.79507	0.81962	0.80823	0.81744	0.77146	0.75905	0.78774	0.62081	0.77737	0.74152	0.79553	0.79205	0.80879	0.62458	0.78269	0.608	0.78811	0.73638	0.76158	0.81517	0.81469	0.82253	0.92427	0.79816	0.79157	0.74767	1.0	0.79595	0.61801	0.78131	0.62006	0.75998	0.78683	0.95652	0.77945	0.6412	0.78269	0.62401	0.79408	0.76315
allele_62_IN_ERR069758.fa	0.56445	0.8367	0.60254	0.76933	0.80754	0.86999	0.76872	0.81802	0.8611	0.58586	0.56185	0.59892	0.60208	0.59646	0.59927	0.58574	0.58824	0.58639	0.61065	0.86399	0.80161	0.97009	0.78307	0.8875	0.81305	0.86016	0.85202	0.8162	0.81966	0.85695	0.86016	0.83717	0.83504	0.83506	0.83592	0.79045	0.86891	0.63419	0.8961	0.77089	0.86016	0.85721	0.83466	0.59731	0.88935	0.66382	0.85035	0.84824	0.78522	0.78764	0.78717	0.81262	0.77323	0.83718	0.85587	0.81053	0.79595	1.0	0.63255	0.88625	0.59054	0.79509	0.86799	0.80315	0.81904	0.67871	0.89073	0.59892	0.83702	0.77459
allele_63_IN_ERR069797.fa	0.79487	0.63132	0.81335	0.60616	0.59243	0.64553	0.57468	0.60121	0.63773	0.7695	0.68348	0.81092	0.83684	0.80742	0.79095	0.78029	0.79681	0.77008	0.79903	0.68407	0.66951	0.66358	0.65708	0.70364	0.66504	0.68407	0.65579	0.65456	0.65834	0.66295	0.68298	0.63187	0.68083	0.62908	0.63383	0.62303	0.68817	0.99312	0.65545	0.61185	0.68298	0.67919	0.58428	0.81092	0.67112	0.8414	0.6335	0.61621	0.62602	0.67606	0.67606	0.6143	0.5625	0.60505	0.67488	0.60536	0.61801	0.63255	1.0	0.67537	0.8213	0.62357	0.68763	0.65737	0.58091	0.80977	0.67273	0.81032	0.68182	0.56963
allele_64_IN_ERR124226.fa	0.60464	0.83341	0.64638	0.78565	0.83485	0.89935	0.79095	0.84208	0.89017	0.62806	0.59302	0.63792	0.6479	0.63534	0.64008	0.62487	0.62724	0.62859	0.65014	0.85616	0.82653	0.91375	0.80691	0.89558	0.83402	0.85468	0.88956	0.83219	0.83563	0.89316	0.85286	0.83387	0.84516	0.83086	0.86262	0.80579	0.88035	0.67809	0.90684	0.78562	0.85286	0.85084	0.84382	0.64114	0.94344	0.70288	0.96006	0.8586	0.80866	0.8106	0.81014	0.82725	0.73144	0.85166	0.89393	0.83832	0.78131	0.88625	0.67537	1.0	0.63577	0.80624	0.87944	0.80935	0.83365	0.71351	0.94205	0.63792	0.8813	0.77431
allele_65_IN_ERR069800.fa	0.71095	0.62986	0.898	0.61963	0.55749	0.60747	0.53693	0.56137	0.60064	0.90203	0.7953	0.94733	0.96	0.94306	0.8682	0.91558	0.92992	0.90265	0.93047	0.64476	0.62806	0.62153	0.63094	0.64154	0.63617	0.64584	0.65982	0.61918	0.6229	0.62096	0.64422	0.63041	0.64472	0.62646	0.59978	0.58763	0.63807	0.82558	0.61626	0.57755	0.64476	0.64146	0.59261	0.95119	0.63141	0.74131	0.6437	0.57943	0.59664	0.65166	0.65166	0.63234	0.57291	0.62266	0.63805	0.57135	0.62006	0.59054	0.8213	0.63577	1.0	0.58817	0.63753	0.65205	0.59773	0.75368	0.62981	0.94605	0.63838	0.57521
allele_66_IN_ERR129210.fa	0.54841	0.8317	0.60266	0.72772	0.74508	0.80009	0.71049	0.75313	0.79199	0.5853	0.55696	0.58906	0.59312	0.58663	0.59927	0.58254	0.57853	0.58478	0.60288	0.83716	0.83243	0.82197	0.82709	0.80996	0.87951	0.83318	0.79393	0.96887	0.96935	0.79169	0.83273	0.8317	0.84988	0.82865	0.82312	0.99261	0.806	0.62575	0.81215	0.91066	0.83273	0.83067	0.7477	0.58906	0.80517	0.65811	0.77287	0.77011	0.83542	0.79045	0.78999	0.7514	0.72575	0.76719	0.85501	0.83461	0.75998	0.79509	0.62357	0.80624	0.58817	1.0	0.80509	0.78882	0.74837	0.67414	0.80652	0.58906	0.81806	0.76297
allele_67_IN_ERR129213.fa	0.60373	0.82813	0.63184	0.77195	0.81229	0.87397	0.77251	0.82178	0.86518	0.62655	0.58565	0.63945	0.6449	0.63689	0.63795	0.62649	0.62833	0.62707	0.64212	0.85889	0.83436	0.89466	0.8101	0.89466	0.83975	0.85785	0.89811	0.83076	0.83417	0.87734	0.8556	0.82858	0.84872	0.82559	0.82151	0.80463	0.99907	0.68817	0.8796	0.78473	0.8556	0.85359	0.8231	0.63945	0.87354	0.70993	0.84349	0.83442	0.81055	0.80785	0.80739	0.80138	0.74565	0.82752	0.86041	0.79771	0.78683	0.86799	0.68763	0.87944	0.63753	0.80509	1.0	0.82388	0.80734	0.72	0.87489	0.63892	0.8746	0.76149
allele_68_IN_ERR069723.fa	0.57414	0.85442	0.65899	0.75464	0.74521	0.80275	0.71093	0.75279	0.7951	0.63152	0.61574	0.65841	0.66112	0.65564	0.61331	0.6331	0.64579	0.63207	0.65995	0.83433	0.82884	0.83001	0.80286	0.82423	0.81889	0.83295	0.85531	0.81357	0.81701	0.80942	0.83113	0.85489	0.84518	0.85277	0.79408	0.78743	0.82479	0.66016	0.81166	0.76896	0.83158	0.82815	0.80141	0.65672	0.81409	0.64556	0.80748	0.76896	0.79734	0.85358	0.8531	0.82893	0.91004	0.80484	0.82486	0.77048	0.95652	0.80315	0.65737	0.80935	0.65205	0.78882	0.82388	1.0	0.78395	0.67881	0.81409	0.65785	0.83156	0.78473
allele_69_IN_ERR069717.fa	0.52557	0.82684	0.62182	0.84575	0.7751	0.8353	0.73741	0.78319	0.8271	0.58932	0.56871	0.60078	0.60183	0.59821	0.55445	0.58811	0.58908	0.58987	0.61869	0.78867	0.75145	0.84684	0.74621	0.84522	0.77011	0.7848	0.86222	0.7673	0.7707	0.81059	0.78571	0.82636	0.77401	0.82322	0.83656	0.74605	0.80826	0.58365	0.84149	0.72342	0.78617	0.78359	0.86894	0.5991	0.82103	0.61695	0.84619	0.79653	0.74368	0.76731	0.76684	0.94614	0.75073	0.97713	0.81831	0.80948	0.77945	0.81904	0.58091	0.83365	0.59773	0.74837	0.80734	0.78395	1.0	0.62486	0.82103	0.60078	0.79685	0.76207
allele_6_IN_NC_012467.fna	0.70607	0.68018	0.74057	0.64455	0.62394	0.6815	0.60607	0.63508	0.67328	0.70091	0.67539	0.7367	0.75854	0.7337	0.72417	0.71675	0.72529	0.70144	0.72886	0.72991	0.70331	0.70991	0.6721	0.7244	0.7118	0.73045	0.70427	0.70524	0.70913	0.68859	0.72936	0.68072	0.731	0.678	0.67398	0.67359	0.72054	0.81204	0.69945	0.6593	0.72936	0.72563	0.62018	0.7367	0.71944	0.82139	0.66993	0.65726	0.67047	0.67141	0.67141	0.62971	0.58389	0.64961	0.71327	0.64544	0.6412	0.67871	0.80977	0.71351	0.75368	0.67414	0.72	0.67881	0.62486	1.0	0.72106	0.73559	0.71328	0.62216
